38.07,
0.2,
13.95,
9.5,
106,
-90,
288,
47,
7.28,
-5.9,
0.99,
5.3,
2794,
182,
448,
90,
1,
-0.04,
3,
0.29,
106,
23,
39,
37,
3.011,
-0.441,
1.8,
0.24,
670,
-4,
180,
55,
5.52,
3.6,
25.9,
4.5,
1010,
2476,
0,
62,
63.759,
0.54,
0.0864,
0.48,
787,
380,
2376,
28,
9,
29.9,
0,
0.98,
98,
2710,
6900,
14,
0.58,
8.99,
0.154,
0.38,
2006,
45,
680,
28,
13.636,
3.428,
0.1,
9.2,
13,
173,
445,
2,
11.65,
82.268,
2.314,
0.25,
657,
-35,
192,
87,
13.03,
28.1,
0.1,
0.16,
540,
104,
1350,
21,
0.7792,
196.8,
1.14,
0.53,
835,
452,
9600,
58,
83.95,
-7.06,
0,
7.3,
87,
-14,
3430,
43,
6.572,
-8.8,
0.084,
8.7,
4405,
-49,
2345,
40,
1.43,
235.6,
0.03,
0.19,
36,
-145,
1161,
64,
209.165,
-60.075,
0,
3.7,
62,
4,
781,
53,
511.2,
-2.738,
120,
5.8,
801,
-74,
500,
93,
1.65,
2.2,
0.416,
3.7,
39,
-79,
943,
29,
52.8,
28.5,
3.8,
1.1,
461,
3243,
675,
21,
193.605,
-67.821,
2.04,
6.2,
1496,
80,
1848,
52,
11.3,
1.7,
4.05,
8.5,
498,
2911,
80,
92,
8.4,
8.23,
4.59,
1.3,
196,
23,
0,
27,
12.66,
10.1,
6.3,
6.4,
222,
45,
117,
98,
7.58,
0.33,
7.03,
6.5,
3471,
60,
0,
1,
2.7,
2.257,
63,
0.88,
1712,
-44,
90,
48,
4.33,
-5.8047,
0.63,
1.8,
50,
69,
0,
42,
3.32,
-3.01,
0.1395,
0.14,
120,
-16,
1025,
37,
17.162,
-41.04,
1.2,
4.8,
228,
-40,
605,
3,
0.609,
0.29,
0.23,
0.8,
1285,
72,
19800,
37,
53.14,
4.881,
0,
0.55,
170,
375,
120,
51,
18.9,
-2.43,
1.28,
0.28,
459,
266,
9000,
76,
2.907,
1.11,
1.344,
0.16,
1304,
359,
576,
2,
4.91,
-0.374,
0.07,
0.14,
2289,
9,
12800,
31,
6.78,
-7.21,
0.54,
0.62,
3429,
189,
560,
92,
4.319,
-7.35,
1.746,
1.6,
749,
13,
250,
61,
102.86,
-65.662,
0.1125,
0.5,
1073,
-593,
825,
37,
3.173,
4.2,
0.28,
0.8,
125,
4050,
3528,
74,
4.211,
2.2,
1.26,
0.9,
333,
27,
6000,
74,
355.382,
-5.66,
1.628,
7.7,
3293,
2469,
3120,
62,
2.3,
15.54,
0.96,
0.87,
104,
3955,
18400,
18,
0.93,
-0.162,
0.08,
0.96,
1568,
-24,
4000,
38,
0.413,
14.51,
0.9,
0.34,
619,
68,
465,
37,
10.19,
26.02,
0.028,
0.83,
62,
215,
1200,
57,
49.398,
-7.1,
2.7,
0.30,
1606,
211,
840,
52,
1.74,
-0.45,
1.35,
1.2,
4524,
-36,
0,
31,
18.6,
0.0562,
13.6,
4.0,
4127,
394,
6000,
26,
158.778,
-0.29,
1.36,
0.70,
2630,
-834,
4800,
52,
8.8013,
-0.586,
0.24,
0.6,
1281,
526,
448,
79,
75.7,
-7.422,
0.072,
0.29,
495,
-35,
42,
29,
12.6,
0.95,
18.72,
6.2,
162,
252,
2400,
11,
2.675,
-53.2,
1.92,
1.0,
800,
904,
600,
89,
4.8986,
-7.17,
9.92,
0.52,
1402,
-17,
666,
74,
70.65,
-0.33,
0.11,
1.6,
824,
-106,
630,
72,
1.596,
-80.3329,
0.3,
0.6,
262,
-674,
117,
69,
0.776,
91.83,
0.11,
7.1,
3911,
343,
70,
74,
13.9,
25.06,
2.6,
3.8,
274,
26,
700,
47,
8.504,
0.183,
0.1849,
0.11,
147,
-2,
342,
36,
1.594,
5.25,
0.12,
7.5,
133,
428,
608,
40,
10.1773,
-0.7,
2.728,
0.25,
305,
-901,
3840,
17,
332.35,
-0.97,
1.001,
3.3,
503,
2474,
1800,
69,
64.1,
1.9,
0,
8.3,
68,
391,
8000,
93,
4.065,
-1.71,
0.11,
0.72,
1213,
-26,
420,
1,
4.775,
-1.959,
2.365,
0.8,
482,
1185,
0,
24,
47.553,
4.542,
33.82,
0.9,
1394,
38,
216,
84,
1.1529,
-0.551,
0.666,
0.37,
94,
-44,
238,
19,
4.61,
-2.838,
16.77,
0.3,
207,
444,
903,
22,
10.71,
40.9,
1.4,
9.1,
152,
116,
0,
5,
1.172,
-77.512,
2.613,
0.2,
1251,
34,
4200,
31,
10.35,
0.61,
4.18,
7.5,
2663,
-560,
0,
22,
49.38,
34.62,
0,
3.5,
3887,
3685,
893,
80,
7.1,
0.32,
0.08,
4.4,
915,
-261,
990,
98,
8.43,
0.29,
0.462,
0.16,
446,
78,
400,
20,
51.14,
-88.483,
0.91,
0.3,
782,
57,
868,
10,
0.826,
-0.523,
0.6,
0.7,
2357,
-17,
2655,
51,
2.93,
263.7,
1.47,
0.38,
745,
37,
0,
81,
1.453,
-0.271,
0,
0.55,
3152,
-19,
3600,
90,
109.38,
3.2,
1.15,
2.3,
819,
223,
48,
23,
7.18,
-8.686,
0.576,
8.9,
58,
49,
448,
40,
5.05,
1.04,
4.3,
0.77,
117,
-43,
0,
60,
1.676,
-1.17,
0.012,
0.56,
1107,
2861,
2400,
17,
9.3,
-5.461,
0.48,
0.72,
1150,
252,
153,
69,
4.319,
-5.73,
0.0732,
8.4,
1228,
263,
1600,
57,
0.494,
12.6,
0,
2.9,
98,
847,
1798,
9,
0.85,
-72.38,
0.136,
0.21,
3084,
197,
1040,
8,
37.28,
0.01,
0.48,
0.87,
142,
156,
840,
56,
78.41,
0.43,
0.86,
0.63,
73,
408,
0,
7,
9.91,
200.888,
0.4,
6.6,
130,
222,
30,
70,
1.64,
25.3,
1.491,
2.3,
288,
73,
0,
5,
1.256,
0.094,
0.128,
0.38,
1373,
453,
2940,
60,
72.33,
15.09,
0.1288,
0.64,
127,
366,
610,
34,
56.03,
5.4,
0.852,
0.92,
1452,
3129,
0,
17,
0.801,
81.17,
5.28,
3.0,
2553,
432,
273,
15,
16.2,
3.7,
0.3696,
0.31,
2178,
90,
0,
53,
12.653,
-8.8,
0.609,
0.21,
599,
652,
720,
79,
4.49,
-3.034,
1.02,
0.43,
131,
2415,
1615,
92,
64.26,
0.04,
0,
1.4,
724,
29,
6000,
46,
7.04,
0.94,
0.189,
0.0,
461,
14,
2430,
11,
14.6,
4.3,
1.3,
0.40,
361,
10,
1218,
48,
45.182,
-4.068,
0,
2.3,
477,
99,
5200,
69,
4.47,
-6.97,
160,
1.1,
3438,
-60,
13500,
5,
10.545,
-2.6,
0.07,
0.82,
98,
-425,
10500,
42,
3.52,
-2.4,
16.34,
2.4,
4449,
-41,
3560,
50,
402.37,
-1.4,
0.06,
3.5,
330,
57,
4324,
22,
6.08,
0.603,
0,
0.25,
497,
-120,
3239,
34,
2.8,
3.14,
0,
0.50,
389,
320,
152,
86,
8.4,
48.44,
0.147,
4.4,
2872,
-55,
800,
25,
15.8,
6.447,
4.2,
0.17,
155,
-60,
136,
93,
1.099,
4.1,
0.46,
9.3,
242,
1032,
200,
8,
0.76,
-1.732,
2.56,
0.6,
441,
1261,
60,
51,
4.71,
-50.695,
1.74,
0.2,
500,
2715,
1248,
50,
6.9729,
9.09,
0.97,
0.72,
163,
-5,
52,
88,
8.1808,
4.1,
23.4,
0.85,
2478,
-24,
160,
35,
0.99,
6.6,
0.246,
0.88,
196,
450,
3150,
13,
6.493,
-2.64,
0,
3.7,
839,
-47,
0,
63,
8.417,
5.92,
0.0588,
0.4,
4557,
-31,
0,
17,
2.47,
-6.9,
0,
0.38,
543,
-40,
414,
54,
1.106,
2.99,
0.084,
0.30,
4189,
-1,
4557,
44,
61,
0.068,
0.09,
0.84,
23,
-29,
132,
41,
9.306,
-66.943,
0.364,
1.7,
3708,
2813,
84,
86,
2.99,
0.07,
0.044,
5.6,
142,
99,
2380,
75,
4.352,
0.161,
0.3243,
0.5,
160,
156,
3000,
88,
5.389,
-0.016,
6.24,
0.49,
129,
753,
335,
24,
44.58,
-0.31,
12.21,
0.15,
90,
-96,
71,
5,
6.641,
-1.5,
1.95,
0.75,
2148,
-25,
9600,
5,
13.06,
-0.24,
0,
0.50,
113,
968,
1224,
17,
3.504,
0.468,
0.72,
6.7,
1529,
2443,
136,
53,
8.52,
-3.12,
8.67,
0.66,
1742,
-306,
600,
80,
38.37,
255.7,
0.12,
6.7,
4367,
467,
3290,
52,
12.712,
11.8,
4.5,
0.67,
987,
253,
0,
7,
7.4,
-0.019,
20,
4.1,
291,
24,
360,
70,
7.7,
47.25,
1.05,
0.42,
1000,
2161,
400,
21,
45.1,
349.26,
11.9,
6.8,
3168,
3059,
12,
23,
5.75,
2.88,
4.6,
0.62,
88,
-42,
500,
98,
11.75,
40.83,
3.15,
7.7,
4324,
-222,
2988,
48,
0.81,
-3.41,
16.8,
0.47,
4103,
-13,
486,
98,
10.1,
-0.854,
1.232,
1.5,
123,
2262,
520,
60,
30.872,
3.81,
1.36,
0.69,
5154,
3094,
12000,
66,
31.2,
-0.52,
0.45,
7.8,
398,
288,
624,
63,
59.995,
-30.1141,
0.8,
8.5,
358,
-77,
2184,
57,
8.957,
-23.881,
0.18,
7.8,
3340,
63,
2565,
38,
230.222,
23.2,
0.1,
0.61,
424,
1147,
4800,
83,
4.74,
9.6,
0.054,
0.79,
51,
-2,
84,
56,
1.31,
-4.52,
0.893,
2.3,
602,
146,
210,
36,
1.0256,
-0.73,
0.72,
0.62,
2856,
370,
100,
65,
25.67,
-9.576,
0.51,
7.5,
3603,
1429,
19800,
93,
93.076,
7.8,
0.0528,
0.54,
689,
2624,
2100,
33,
24,
33.1,
1.76,
0.35,
107,
72,
156,
45,
1.26,
-93.847,
0.025,
0.35,
345,
-398,
660,
12,
4.52,
-0.262,
0.312,
0.45,
95,
-46,
126,
36,
66.02,
-0.81,
1.064,
0.69,
985,
2082,
0,
3,
7.03,
-64.2,
1.38,
0.24,
579,
283,
200,
90,
11,
-13.83,
0.45,
0.69,
40,
606,
2322,
57,
7.9,
32.91,
3.23,
7.7,
138,
-62,
2150,
52,
9.54,
43.182,
1.75,
0.98,
375,
4184,
1140,
42,
4.355,
1.45,
0,
2.6,
1689,
-275,
4500,
81,
10.7,
3.814,
1.587,
0.0,
486,
4662,
138,
75,
0.678,
2.79,
0.432,
0.41,
274,
495,
1200,
85,
45.641,
-2.2,
0.1,
7.6,
1467,
-18,
855,
23,
28.8,
31.8,
0.112,
4.5,
76,
485,
0,
56,
30.258,
0.43,
0.297,
0.0,
3017,
18,
2772,
38,
5.16,
25.5,
3.15,
7.4,
74,
2240,
360,
39,
0.75,
-4,
0.029,
0.6,
98,
151,
2812,
20,
3.179,
3.64,
0.0513,
0.17,
146,
4304,
2511,
93,
1.27,
-4.5,
0.72,
0.6,
206,
57,
120,
21,
4.128,
-4.947,
0.116,
0.13,
307,
52,
500,
58,
3.01,
3.07,
0,
0.94,
506,
2745,
2700,
42,
49,
-8.92,
0,
0.82,
102,
-2,
3510,
62,
16.3,
3.02,
0.754,
5.2,
94,
-7,
665,
66,
8.52,
1.068,
0.195,
2.8,
113,
-283,
3124,
82,
15.76,
-5.78,
1.7,
7.5,
565,
243,
1032,
29,
0.61,
-3.984,
1.241,
4.0,
1251,
4617,
1975,
9,
33.1,
38.1,
6.8,
1.1,
483,
205,
624,
48,
11.3,
0.101,
0.204,
0.88,
66,
-454,
9,
87,
1.1,
-16.942,
0.147,
0.20,
77,
-608,
2100,
90,
0.7618,
83,
0.7,
6.3,
399,
2745,
11200,
72,
84.27,
1.93,
1.1,
0.51,
778,
-55,
0,
39,
10.268,
-7.42,
0.851,
3.4,
800,
1986,
480,
45,
6.306,
-10.8,
8.84,
0.67,
1851,
-26,
1813,
31,
77.32,
-57.905,
1.8,
0.54,
150,
155,
450,
61,
8.12,
-9.533,
12.6,
1.2,
388,
224,
210,
82,
0.881,
0.43,
18.24,
0.32,
5426,
-44,
1248,
32,
65.771,
6.731,
36,
5.1,
755,
304,
891,
61,
1.613,
-32.506,
0.8,
0.19,
110,
34,
2024,
82,
74.61,
8.4,
0,
0.62,
83,
2525,
0,
19,
0.5441,
-3.2,
0.45,
8.8,
1145,
433,
16100,
88,
1.246,
-0.14,
2.6,
0.43,
1098,
30,
1914,
56,
2.02,
1.71,
1.6,
2.5,
147,
-4,
0,
77,
8,
2.784,
0,
0.73,
432,
296,
1242,
57,
47.93,
3.2,
0,
0.4,
1029,
534,
2478,
89,
21.06,
11.767,
4.312,
8.1,
1182,
631,
2970,
89,
8.937,
-4.365,
0.054,
1.2,
471,
55,
31,
52,
1.799,
-97.3779,
0.376,
0.82,
412,
4016,
330,
36,
5.017,
26.53,
8.03,
8.5,
4152,
438,
0,
43,
7.64,
325.71,
0.04,
6.8,
80,
25,
3936,
66,
10.3,
0.045,
7.15,
0.48,
1253,
-273,
1102,
85,
8,
-98.4394,
1.984,
0.23,
289,
-464,
516,
64,
11.6,
0.23,
2.4,
0.36,
84,
295,
2380,
22,
1.08,
30.63,
0.05,
0.7,
533,
-9,
4000,
64,
2.152,
-3.3,
1.8,
0.37,
1628,
57,
228,
14,
1.665,
1.73,
0.078,
6.9,
739,
636,
360,
84,
1.63,
3.3,
15.3,
9.1,
4631,
620,
0,
70,
19.4,
8,
0.45,
0.36,
275,
-23,
6000,
24,
37.524,
69.698,
0.0338,
5.1,
106,
4128,
1200,
49,
1.61,
-7.96,
0.517,
5.6,
401,
596,
252,
2,
0.874,
38.65,
5.98,
0.88,
1133,
224,
1335,
27,
1.02,
2.32,
0.88,
0.25,
147,
2767,
1452,
52,
8.86,
8.261,
0.3483,
5.8,
4358,
4454,
1800,
96,
0.515,
0.03,
0.42,
8.8,
444,
31,
900,
93,
1.304,
-2.1351,
0,
6.5,
327,
-407,
6800,
33,
1.584,
153.01,
1.148,
0.44,
1021,
605,
0,
25,
1.66,
-0.305,
5.4,
0.30,
1319,
417,
540,
97,
2.544,
-9.656,
0.363,
3.7,
342,
359,
1541,
33,
0.765,
20.18,
0.322,
9.1,
1016,
338,
1296,
64,
6.96,
39.1,
42,
6.4,
1070,
7,
408,
15,
8.9,
4.187,
5.88,
0.2,
1263,
65,
10000,
26,
5.84,
-8.476,
7.38,
0.3,
533,
-9,
1155,
93,
1.16,
2.24,
119,
7.1,
74,
-24,
1495,
28,
68.02,
-1.698,
0,
2.0,
1596,
188,
840,
99,
1.123,
-0.65,
0.235,
4.8,
198,
-21,
154,
93,
1.65,
-1.65,
3.5,
2.7,
154,
-325,
0,
83,
8.19,
-1.4,
0.672,
3.9,
43,
-148,
891,
65,
40.66,
-0.28,
7,
0.18,
373,
462,
900,
83,
39.9,
240.3,
6,
3.5,
225,
6,
3825,
36,
20,
8.13,
0,
0.75,
114,
326,
2208,
46,
16,
17.26,
1.76,
3.7,
91,
-83,
460,
83,
7.31,
-0.455,
2.4,
6.1,
1139,
-388,
2660,
8,
8.45,
39.36,
0.6,
0.67,
151,
-571,
2870,
65,
1.627,
-5.71,
0,
0.88,
147,
695,
1472,
86,
36.875,
-1.522,
1.368,
3.1,
1255,
3218,
204,
90,
25.3,
-0.36,
1.98,
0.84,
167,
-482,
1080,
82,
0.8,
-2.05,
1.2,
0.16,
1515,
827,
990,
86,
3.76,
-78.2,
3.354,
6.6,
1462,
2858,
3000,
46,
9.88,
1.8,
0.1748,
2.6,
342,
-198,
375,
94,
37.9,
0.0531,
0.78,
0.61,
61,
2028,
276,
14,
1.01,
-35.2,
1.2,
5.0,
2520,
151,
1683,
9,
10.79,
-4.238,
0.272,
0.49,
28,
-33,
5200,
68,
84.604,
-0.088,
0.75,
2.7,
1226,
83,
8000,
71,
3.01,
-6.989,
10.71,
2.7,
1293,
54,
735,
78,
4.94,
-4.5,
0.208,
0.9,
108,
677,
5,
72,
1.187,
-0.5733,
1.95,
7.3,
151,
1734,
1287,
59,
22.73,
-8.6007,
0.35,
6.8,
677,
712,
2184,
25,
1.137,
3.5,
1.33,
0.85,
368,
1516,
3136,
47,
82.82,
-9.7,
1.84,
0.93,
114,
992,
0,
21,
4.77,
1.32,
22.75,
7.4,
104,
-226,
1600,
27,
44.2,
4.39,
5.04,
2.3,
167,
1132,
14,
68,
42.794,
-4.338,
0.48,
7.3,
1392,
590,
6300,
97,
7.587,
3.534,
3.69,
0.42,
46,
43,
0,
58,
102.78,
2.7,
0,
2.5,
760,
-30,
2500,
11,
0.9872,
0.2,
0.4368,
5.8,
2333,
-202,
266,
4,
10.16,
30.6,
0.384,
9.4,
3103,
227,
66,
37,
