4.67 + 33.4 38.07
0.78 - 0.58 0.2
4.5 * 3.1 13.95
3.99 / 0.42 9.5
104 + 2 106
292 - 382 -90
16 * 18 288
1222 / 26 47
0.38 + 6.9 7.28
3.5 - 9.4 -5.9
0.33 * 3.0 0.99
3.604 / 0.68 5.3
2757 + 37 2794
223 - 41 182
28 * 16 448
3780 / 42 90
0.6 + 0.40 1
0.46 - 0.5 -0.04
5.0 * 0.6 3
0.0667 / 0.23 0.29
40 + 66 106
31 - 8 23
39 * 1 39
1406 / 38 37
2.082 + 0.929 3.011
0.139 - 0.58 -0.441
0.6 * 3.0 1.8
0.528 / 2.2 0.24
573 + 97 670
86 - 90 -4
36 * 5 180
4070 / 74 55
0.52 + 5.0 5.52
6.6 - 3.0 3.6
3.7 * 7.0 25.9
4.05 / 0.9 4.5
588 + 422 1010
2506 - 30 2476
80 * 0 0
3410 / 55 62
1.359 + 62.4 63.759
0.95 - 0.41 0.54
0.36 * 0.24 0.0864
0.2352 / 0.49 0.48
734 + 53 787
418 - 38 380
88 * 27 2376
2604 / 93 28
8.3 + 0.7 9
81.3 - 51.4 29.9
5.1 * 0.0 0
0.294 / 0.3 0.98
9 + 89 98
3195 - 485 2710
30 * 230 6900
42 / 3 14
0.0 + 0.58 0.58
9.8 - 0.81 8.99
0.7 * 0.22 0.154
3.002 / 7.9 0.38
1191 + 815 2006
56 - 11 45
34 * 20 680
1288 / 46 28
4.886 + 8.75 13.636
3.844 - 0.416 3.428
0.1 * 1.0 0.1
8.188 / 0.89 9.2
10 + 3 13
861 - 688 173
89 * 5 445
170 / 85 2
2.85 + 8.8 11.65
83.2 - 0.932 82.268
8.9 * 0.26 2.314
1.375 / 5.5 0.25
512 + 145 657
18 - 53 -35
48 * 4 192
2523 / 29 87
4.37 + 8.66 13.03
29.7 - 1.6 28.1
0.20 * 0.50 0.1
0.336 / 2.1 0.16
355 + 185 540
912 - 808 104
45 * 30 1350
1218 / 58 21
0.2982 + 0.481 0.7792
212.9 - 16.1 196.8
6.0 * 0.190 1.14
0.1272 / 0.24 0.53
649 + 186 835
474 - 22 452
80 * 120 9600
2378 / 41 58
36.25 + 47.7 83.95
0.34 - 7.4 -7.06
0.0 * 0.120 0
1.46 / 0.20 7.3
85 + 2 87
13 - 27 -14
49 * 70 3430
1032 / 24 43
0.472 + 6.1 6.572
0.5 - 9.3 -8.8
0.42 * 0.20 0.084
5.22 / 0.60 8.7
4170 + 235 4405
711 - 760 -49
67 * 35 2345
1760 / 44 40
1.24 + 0.19 1.43
265.8 - 30.2 235.6
0.30 * 0.10 0.03
0.988 / 5.2 0.19
26 + 10 36
170 - 315 -145
27 * 43 1161
576 / 9 64
208.6 + 0.565 209.165
2.625 - 62.7 -60.075
0.0 * 2.0 0
22.57 / 6.1 3.7
60 + 2 62
30 - 26 4
71 * 11 781
1060 / 20 53
492.4 + 18.8 511.2
0.162 - 2.9 -2.738
8.0 * 15.0 120
2.262 / 0.39 5.8
324 + 477 801
13 - 87 -74
50 * 10 500
7812 / 84 93
0.540 + 1.11 1.65
7.2 - 5.0 2.2
1.6 * 0.26 0.416
7.77 / 2.1 3.7
22 + 17 39
17 - 96 -79
41 * 23 943
435 / 15 29
43.2 + 9.6 52.8
35.84 - 7.34 28.5
1.9 * 2.0 3.8
0.385 / 0.35 1.1
438 + 23 461
3754 - 511 3243
75 * 9 675
420 / 20 21
193.4 + 0.205 193.605
2.279 - 70.1 -67.821
3.4 * 0.60 2.04
2.976 / 0.48 6.2
641 + 855 1496
142 - 62 80
77 * 24 1848
3536 / 68 52
7.3 + 4.0 11.3
1.8 - 0.10 1.7
4.5 * 0.90 4.05
76.5 / 9.0 8.5
145 + 353 498
3651 - 740 2911
8 * 10 80
460 / 5 92
8.1 + 0.3 8.4
9.2 - 0.97 8.23
2.7 * 1.7 4.59
9.62 / 7.4 1.3
183 + 13 196
24 - 1 23
9 * 0 0
2268 / 84 27
2.86 + 9.8 12.66
10.4 - 0.3 10.1
6.3 * 1.0 6.3
26.88 / 4.2 6.4
204 + 18 222
50 - 5 45
39 * 3 117
7056 / 72 98
0.48 + 7.1 7.58
0.45 - 0.12 0.33
3.7 * 1.9 7.03
2.6 / 0.40 6.5
2870 + 601 3471
132 - 72 60
37 * 0 0
3 / 3 1
2.7 + 0.0 2.7
2.8 - 0.543 2.257
7.0 * 9.0 63
0.3696 / 0.42 0.88
758 + 954 1712
46 - 90 -44
18 * 5 90
3216 / 67 48
0.83 + 3.5 4.33
0.4853 - 6.29 -5.8047
0.90 * 0.70 0.63
4.68 / 2.6 1.8
1 + 49 50
84 - 15 69
17 * 0 0
1932 / 46 42
0.72 + 2.6 3.32
4.04 - 7.05 -3.01
0.93 * 0.15 0.1395
0.0616 / 0.44 0.14
38 + 82 120
15 - 31 -16
41 * 25 1025
3182 / 86 37
16.50 + 0.662 17.162
4.16 - 45.2 -41.04
0.40 * 3.0 1.2
11.52 / 2.4 4.8
28 + 200 228
18 - 58 -40
55 * 11 605
228 / 76 3
0.409 + 0.2 0.609
0.82 - 0.53 0.29
2.3 * 0.10 0.23
1.52 / 1.9 0.8
781 + 504 1285
85 - 13 72
90 * 220 19800
1295 / 35 37
2.34 + 50.8 53.14
5.15 - 0.269 4.881
0.0 * 0.210 0
0.825 / 1.5 0.55
88 + 82 170
1085 - 710 375
24 * 5 120
2091 / 41 51
17.9 + 1.0 18.9
0.77 - 3.2 -2.43
0.80 * 1.60 1.28
0.2352 / 0.84 0.28
385 + 74 459
333 - 67 266
50 * 180 9000
2204 / 29 76
2.598 + 0.309 2.907
1.6 - 0.49 1.11
6.4 * 0.21 1.344
0.416 / 2.6 0.16
964 + 340 1304
1021 - 662 359
64 * 9 576
146 / 73 2
0.41 + 4.5 4.91
0.306 - 0.68 -0.374
0.7 * 0.10 0.07
0.0476 / 0.34 0.14
1293 + 996 2289
54 - 45 9
80 * 160 12800
434 / 14 31
4.58 + 2.2 6.78
0.69 - 7.9 -7.21
0.60 * 0.90 0.54
0.2046 / 0.33 0.62
3392 + 37 3429
647 - 458 189
7 * 80 560
4600 / 50 92
0.799 + 3.52 4.319
0.15 - 7.5 -7.35
9.7 * 0.18 1.746
4.8 / 3.0 1.6
229 + 520 749
60 - 47 13
5 * 50 250
3294 / 54 61
31.46 + 71.4 102.86
0.638 - 66.3 -65.662
0.75 * 0.15 0.1125
0.07 / 0.14 0.5
524 + 549 1073
330 - 923 -593
33 * 25 825
2257 / 61 37
2.78 + 0.393 3.173
9.1 - 4.9 4.2
0.4 * 0.70 0.28
3.44 / 4.3 0.8
73 + 52 125
4876 - 826 4050
72 * 49 3528
1406 / 19 74
0.111 + 4.1 4.211
8.05 - 5.85 2.2
0.9 * 1.4 1.26
0 / 0.0 0.9
161 + 172 333
58 - 31 27
60 * 100 6000
296 / 4 74
355.2 + 0.182 355.382
0.74 - 6.4 -5.66
7.4 * 0.22 1.628
68.53 / 8.9 7.7
2950 + 343 3293
2481 - 12 2469
39 * 80 3120
4154 / 67 62
1.5 + 0.8 2.3
20.4 - 4.86 15.54
0.6 * 1.6 0.96
0.2784 / 0.32 0.87
21 + 83 104
4331 - 376 3955
80 * 230 18400
18 / 1 18
0.11 + 0.82 0.93
0.324 - 0.486 -0.162
0.40 * 0.20 0.08
7.968 / 8.3 0.96
871 + 697 1568
3 - 27 -24
50 * 80 4000
1406 / 37 38
0.313 + 0.1 0.413
15.0 - 0.49 14.51
0.6 * 1.5 0.9
0.0748 / 0.22 0.34
442 + 177 619
770 - 702 68
31 * 15 465
851 / 23 37
9.5 + 0.69 10.19
31.82 - 5.8 26.02
0.28 * 0.1 0.028
0.7138 / 0.86 0.83
28 + 34 62
718 - 503 215
15 * 80 1200
0 / 0 57
3.598 + 45.8 49.398
0.7 - 7.8 -7.1
0.75 * 3.6 2.7
0.144 / 0.48 0.30
840 + 766 1606
310 - 99 211
42 * 20 840
3588 / 69 52
0.94 + 0.8 1.74
0.35 - 0.8 -0.45
9.0 * 0.150 1.35
5.76 / 4.8 1.2
3633 + 891 4524
54 - 90 -36
19 * 0 0
2139 / 69 31
8.7 + 9.9 18.6
0.2492 - 0.193 0.0562
3.4 * 4.0 13.6
2 / 0.5 4.0
3549 + 578 4127
471 - 77 394
30 * 200 6000
676 / 26 26
158.2 + 0.578 158.778
0.159 - 0.449 -0.29
0.8 * 1.7 1.36
0.49 / 0.7 0.70
2611 + 19 2630
56 - 890 -834
30 * 160 4800
2132 / 41 52
0.1813 + 8.62 8.8013
0.404 - 0.99 -0.586
0.20 * 1.20 0.24
0.12 / 0.20 0.6
523 + 758 1281
621 - 95 526
16 * 28 448
632 / 8 79
75.0 + 0.7 75.7
0.178 - 7.6 -7.422
0.40 * 0.18 0.072
0.406 / 1.4 0.29
473 + 22 495
51 - 86 -35
21 * 2 42
464 / 16 29
7.91 + 4.69 12.6
9.1 - 8.15 0.95
5.2 * 3.6 18.72
3.1 / 0.5 6.2
97 + 65 162
513 - 261 252
80 * 30 2400
517 / 47 11
1.70 + 0.975 2.675
33.3 - 86.5 -53.2
3.2 * 0.60 1.92
1.6 / 1.6 1.0
479 + 321 800
1351 - 447 904
60 * 10 600
1958 / 22 89
0.3486 + 4.55 4.8986
0.53 - 7.7 -7.17
3.1 * 3.2 9.92
3.692 / 7.1 0.52
455 + 947 1402
18 - 35 -17
74 * 9 666
2072 / 28 74
6.35 + 64.3 70.65
0.47 - 0.80 -0.33
0.1 * 1.1 0.11
11.68 / 7.3 1.6
274 + 550 824
181 - 287 -106
35 * 18 630
2088 / 29 72
1.12 + 0.476 1.596
0.1671 - 80.5 -80.3329
2.0 * 0.15 0.3
0.168 / 0.28 0.6
166 + 96 262
20 - 694 -674
13 * 9 117
5382 / 78 69
0.15 + 0.626 0.776
92.8 - 0.97 91.83
1.0 * 0.11 0.11
44.73 / 6.3 7.1
3580 + 331 3911
387 - 44 343
7 * 10 70
2294 / 31 74
7.1 + 6.8 13.9
31.1 - 6.04 25.06
0.20 * 13.0 2.6
14.44 / 3.8 3.8
181 + 93 274
87 - 61 26
70 * 10 700
3055 / 65 47
0.104 + 8.4 8.504
0.964 - 0.781 0.183
0.43 * 0.43 0.1849
0.143 / 1.3 0.11
79 + 68 147
31 - 33 -2
38 * 9 342
1620 / 45 36
0.874 + 0.720 1.594
5.5 - 0.25 5.25
0.6 * 0.2 0.12
4.65 / 0.62 7.5
36 + 97 133
508 - 80 428
76 * 8 608
1840 / 46 40
0.4773 + 9.7 10.1773
0.0 - 0.7 -0.7
0.88 * 3.1 2.728
0.225 / 0.9 0.25
262 + 43 305
21 - 922 -901
48 * 80 3840
238 / 14 17
329.0 + 3.35 332.35
3.03 - 4.0 -0.97
9.1 * 0.11 1.001
0.957 / 0.29 3.3
83 + 420 503
2718 - 244 2474
90 * 20 1800
4830 / 70 69
4.7 + 59.4 64.1
2.3 - 0.40 1.9
0.0 * 2.10 0
3.237 / 0.39 8.3
6 + 62 68
487 - 96 391
80 * 100 8000
8370 / 90 93
3.965 + 0.1 4.065
1.69 - 3.4 -1.71
0.50 * 0.220 0.11
0.4536 / 0.63 0.72
723 + 490 1213
1 - 27 -26
42 * 10 420
63 / 63 1
0.565 + 4.21 4.775
0.241 - 2.2 -1.959
0.55 * 4.3 2.365
4.32 / 5.4 0.8
338 + 144 482
1339 - 154 1185
48 * 0 0
744 / 31 24
47.33 + 0.223 47.553
4.987 - 0.445 4.542
8.9 * 3.8 33.82
0.27 / 0.30 0.9
474 + 920 1394
93 - 55 38
36 * 6 216
2100 / 25 84
0.4119 + 0.741 1.1529
0.279 - 0.83 -0.551
0.18 * 3.7 0.666
1.517 / 4.1 0.37
1 + 93 94
36 - 80 -44
7 * 34 238
285 / 15 19
4.1 + 0.51 4.61
3.072 - 5.91 -2.838
3.9 * 4.3 16.77
0.15 / 0.5 0.3
139 + 68 207
1083 - 639 444
21 * 43 903
1386 / 63 22
0.81 + 9.9 10.71
44.3 - 3.4 40.9
0.7 * 2.0 1.4
3.367 / 0.37 9.1
90 + 62 152
126 - 10 116
32 * 0 0
120 / 24 5
0.222 + 0.95 1.172
3.588 - 81.1 -77.512
0.67 * 3.9 2.613
0.34 / 1.7 0.2
1203 + 48 1251
70 - 36 34
70 * 60 4200
372 / 12 31
4.75 + 5.6 10.35
0.91 - 0.3 0.61
1.9 * 2.2 4.18
3.15 / 0.42 7.5
2078 + 585 2663
333 - 893 -560
3 * 0 0
462 / 21 22
49.0 + 0.38 49.38
35.2 - 0.58 34.62
0.0 * 0.20 0
2.8 / 0.8 3.5
3699 + 188 3887
4042 - 357 3685
47 * 19 893
1040 / 13 80
1.0 + 6.1 7.1
0.62 - 0.3 0.32
0.4 * 0.2 0.08
1.936 / 0.44 4.4
363 + 552 915
470 - 731 -261
11 * 90 990
5194 / 53 98
7.9 + 0.53 8.43
0.63 - 0.34 0.29
1.1 * 0.42 0.462
0.0416 / 0.26 0.16
348 + 98 446
135 - 57 78
20 * 20 400
900 / 45 20
42.73 + 8.41 51.14
0.717 - 89.2 -88.483
0.65 * 1.4 0.91
0.9 / 3.0 0.3
152 + 630 782
64 - 7 57
28 * 31 868
20 / 2 10
0.236 + 0.59 0.826
0.37 - 0.893 -0.523
2.0 * 0.30 0.6
5.04 / 7.2 0.7
1717 + 640 2357
66 - 83 -17
59 * 45 2655
3315 / 65 51
0.840 + 2.09 2.93
305.8 - 42.1 263.7
2.1 * 0.70 1.47
0 / 0.0 0.38
205 + 540 745
59 - 22 37
0 * 230 0
1134 / 14 81
0.493 + 0.96 1.453
0.2670 - 0.538 -0.271
0.21 * 0.0 0
0.825 / 1.5 0.55
2759 + 393 3152
73 - 92 -19
30 * 120 3600
990 / 11 90
46.68 + 62.7 109.38
7.9 - 4.7 3.2
5.0 * 0.23 1.15
0.989 / 0.43 2.3
434 + 385 819
316 - 93 223
16 * 3 48
1932 / 84 23
6.7 + 0.48 7.18
0.314 - 9.0 -8.686
2.4 * 0.24 0.576
29.37 / 3.3 8.9
40 + 18 58
75 - 26 49
28 * 16 448
2800 / 70 40
0.95 + 4.1 5.05
1.87 - 0.83 1.04
8.6 * 0.5 4.3
2.849 / 3.7 0.77
32 + 85 117
46 - 89 -43
30 * 0 0
2700 / 45 60
0.821 + 0.855 1.676
1.34 - 2.51 -1.17
0.1 * 0.12 0.012
1.176 / 2.1 0.56
282 + 825 1107
3573 - 712 2861
48 * 50 2400
1139 / 67 17
4.7 + 4.6 9.3
0.339 - 5.8 -5.461
0.24 * 2.0 0.48
0.3456 / 0.48 0.72
542 + 608 1150
277 - 25 252
51 * 3 153
2484 / 36 69
2.939 + 1.38 4.319
1.77 - 7.5 -5.73
0.61 * 0.12 0.0732
13.44 / 1.6 8.4
284 + 944 1228
321 - 58 263
80 * 20 1600
2337 / 41 57
0.264 + 0.23 0.494
84.1 - 71.5 12.6
0.9 * 0.0 0
1.392 / 0.48 2.9
24 + 74 98
885 - 38 847
62 * 29 1798
702 / 78 9
0.85 + 0.0 0.85
4.12 - 76.5 -72.38
0.34 * 0.40 0.136
0.1785 / 0.85 0.21
2998 + 86 3084
621 - 424 197
26 * 40 1040
216 / 27 8
0.68 + 36.6 37.28
0.19 - 0.18 0.01
0.6 * 0.8 0.48
0.3393 / 0.39 0.87
54 + 88 142
798 - 642 156
21 * 40 840
3304 / 59 56
70.8 + 7.61 78.41
0.85 - 0.42 0.43
0.20 * 4.3 0.86
2.583 / 4.1 0.63
61 + 12 73
459 - 51 408
0 * 240 0
588 / 84 7
1.01 + 8.9 9.91
201.3 - 0.412 200.888
0.20 * 2.0 0.4
0.66 / 0.1 6.6
61 + 69 130
229 - 7 222
1 * 30 30
1330 / 19 70
0.7 + 0.94 1.64
26.2 - 0.9 25.3
0.71 * 2.1 1.491
0.92 / 0.4 2.3
256 + 32 288
739 - 666 73
33 * 0 0
205 / 41 5
0.386 + 0.87 1.256
0.45 - 0.356 0.094
0.16 * 0.8 0.128
0.2546 / 0.67 0.38
1320 + 53 1373
469 - 16 453
42 * 70 2940
2820 / 47 60
0.630 + 71.7 72.33
16.26 - 1.17 15.09
0.92 * 0.14 0.1288
0.16 / 0.25 0.64
51 + 76 127
443 - 77 366
61 * 10 610
1496 / 44 34
5.63 + 50.4 56.03
5.7 - 0.30 5.4
7.1 * 0.12 0.852
8.372 / 9.1 0.92
991 + 461 1452
3498 - 369 3129
0 * 29 0
238 / 14 17
0.441 + 0.36 0.801
90.9 - 9.73 81.17
6.6 * 0.8 5.28
17.1 / 5.7 3.0
1866 + 687 2553
477 - 45 432
13 * 21 273
1380 / 92 15
15.7 + 0.5 16.2
4.0 - 0.30 3.7
0.77 * 0.48 0.3696
0.1364 / 0.44 0.31
1919 + 259 2178
109 - 19 90
66 * 0 0
3074 / 58 53
4.593 + 8.06 12.653
0.60 - 9.4 -8.8
0.29 * 2.1 0.609
0.798 / 3.8 0.21
270 + 329 599
860 - 208 652
12 * 60 720
1738 / 22 79
3.8 + 0.69 4.49
0.266 - 3.3 -3.034
3.4 * 0.30 1.02
1.849 / 4.3 0.43
94 + 37 131
2512 - 97 2415
95 * 17 1615
3404 / 37 92
61.3 + 2.96 64.26
0.9 - 0.86 0.04
1.9 * 0.0 0
0.28 / 0.2 1.4
713 + 11 724
693 - 664 29
50 * 120 6000
414 / 9 46
6.8 + 0.24 7.04
1.27 - 0.33 0.94
0.27 * 0.70 0.189
0 / 0.58 0.0
430 + 31 461
37 - 23 14
27 * 90 2430
594 / 54 11
5.3 + 9.3 14.6
4.3 - 0.0 4.3
5.2 * 0.25 1.3
0.144 / 0.36 0.40
265 + 96 361
62 - 52 10
87 * 14 1218
288 / 6 48
45.0 + 0.182 45.182
0.332 - 4.4 -4.068
0.0 * 0.1 0
0.989 / 0.43 2.3
418 + 59 477
128 - 29 99
40 * 130 5200
4554 / 66 69
0.77 + 3.7 4.47
0.23 - 7.2 -6.97
8.0 * 20.0 160
10.23 / 9.3 1.1
2610 + 828 3438
5 - 65 -60
90 * 150 13500
170 / 34 5
2.145 + 8.40 10.545
6.8 - 9.4 -2.6
0.10 * 0.70 0.07
0.082 / 0.1 0.82
71 + 27 98
343 - 768 -425
50 * 210 10500
462 / 11 42
3.4 + 0.12 3.52
23.4 - 25.8 -2.4
4.3 * 3.8 16.34
2.232 / 0.93 2.4
3582 + 867 4449
5 - 46 -41
89 * 40 3560
450 / 9 50
395.6 + 6.77 402.37
1.1 - 2.5 -1.4
0.15 * 0.4 0.06
16.8 / 4.8 3.5
312 + 18 330
396 - 339 57
94 * 46 4324
242 / 11 22
5.5 + 0.58 6.08
3.873 - 3.27 0.603
7.2 * 0.0 0
0.325 / 1.3 0.25
403 + 94 497
67 - 187 -120
79 * 41 3239
340 / 10 34
0.7 + 2.1 2.8
7.17 - 4.03 3.14
0.61 * 0.0 0
0.46 / 0.92 0.50
353 + 36 389
346 - 26 320
4 * 38 152
430 / 5 86
5.6 + 2.8 8.4
49.1 - 0.66 48.44
0.70 * 0.210 0.147
4.268 / 0.97 4.4
2104 + 768 2872
41 - 96 -55
20 * 40 800
1725 / 69 25
7.4 + 8.4 15.8
6.95 - 0.503 6.447
1.4 * 3.0 4.2
0.136 / 0.8 0.17
86 + 69 155
37 - 97 -60
68 * 2 136
7626 / 82 93
0.169 + 0.93 1.099
8.4 - 4.3 4.1
0.20 * 2.30 0.46
4.557 / 0.49 9.3
173 + 69 242
1865 - 833 1032
10 * 20 200
392 / 49 8
0.45 + 0.31 0.76
0.368 - 2.1 -1.732
0.32 * 8.0 2.56
3.84 / 6.4 0.6
423 + 18 441
2097 - 836 1261
6 * 10 60
1530 / 30 51
4.3 + 0.41 4.71
0.705 - 51.4 -50.695
2.9 * 0.6 1.74
0.172 / 0.86 0.2
411 + 89 500
3490 - 775 2715
32 * 39 1248
600 / 12 50
0.2529 + 6.72 6.9729
9.76 - 0.670 9.09
9.7 * 0.1 0.97
0.1152 / 0.16 0.72
125 + 38 163
39 - 44 -5
26 * 2 52
1848 / 21 88
0.4108 + 7.77 8.1808
4.9 - 0.80 4.1
2.6 * 9.0 23.4
0.2635 / 0.31 0.85
1769 + 709 2478
21 - 45 -24
16 * 10 160
1400 / 40 35
0.49 + 0.5 0.99
14.3 - 7.7 6.6
0.82 * 0.3 0.246
0.132 / 0.15 0.88
99 + 97 196
454 - 4 450
35 * 90 3150
156 / 12 13
2.983 + 3.51 6.493
6.00 - 8.64 -2.64
0.0 * 1.80 0
31.08 / 8.4 3.7
583 + 256 839
40 - 87 -47
10 * 0 0
945 / 15 63
0.677 + 7.74 8.417
8.78 - 2.86 5.92
0.49 * 0.12 0.0588
0.88 / 2.2 0.4
4473 + 84 4557
22 - 53 -31
22 * 0 0
102 / 6 17
1.97 + 0.5 2.47
2.90 - 9.8 -6.9
0.67 * 0.0 0
1.596 / 4.2 0.38
37 + 506 543
53 - 93 -40
46 * 9 414
3510 / 65 54
0.206 + 0.9 1.106
3.6 - 0.61 2.99
0.70 * 0.120 0.084
1.2 / 4.0 0.30
3523 + 666 4189
36 - 37 -1
93 * 49 4557
3388 / 77 44
2.00 + 59.0 61
0.668 - 0.6 0.068
0.25 * 0.36 0.09
0.1848 / 0.22 0.84
0 + 23 23
11 - 40 -29
4 * 33 132
1845 / 45 41
0.506 + 8.8 9.306
0.857 - 67.8 -66.943
0.91 * 0.40 0.364
15.3 / 9.0 1.7
3246 + 462 3708
3239 - 426 2813
6 * 14 84
2494 / 29 86
2.2 + 0.79 2.99
0.64 - 0.57 0.07
0.44 * 0.10 0.044
34.16 / 6.1 5.6
90 + 52 142
118 - 19 99
34 * 70 2380
975 / 13 75
3.71 + 0.642 4.352
0.501 - 0.34 0.161
0.69 * 0.47 0.3243
1.9 / 3.8 0.5
81 + 79 160
227 - 71 156
20 * 150 3000
1672 / 19 88
5.13 + 0.259 5.389
0.364 - 0.38 -0.016
2.6 * 2.4 6.24
3.43 / 7.0 0.49
77 + 52 129
891 - 138 753
67 * 5 335
528 / 22 24
44.1 + 0.48 44.58
0.41 - 0.72 -0.31
3.7 * 3.3 12.21
0.036 / 0.24 0.15
24 + 66 90
144 - 240 -96
71 * 1 71
90 / 18 5
0.141 + 6.5 6.641
0.200 - 1.7 -1.5
3.9 * 0.5 1.95
1.575 / 2.1 0.75
2145 + 3 2148
1 - 26 -25
40 * 240 9600
230 / 46 5
9.70 + 3.36 13.06
0.32 - 0.56 -0.24
0.92 * 0.0 0
0.75 / 1.5 0.50
84 + 29 113
1050 - 82 968
36 * 34 1224
119 / 7 17
3.116 + 0.388 3.504
1.450 - 0.982 0.468
4.0 * 0.180 0.72
13.4 / 2.0 6.7
696 + 833 1529
2632 - 189 2443
8 * 17 136
1537 / 29 53
6.00 + 2.52 8.52
3.18 - 6.3 -3.12
5.1 * 1.7 8.67
0.2046 / 0.31 0.66
1155 + 587 1742
158 - 464 -306
10 * 60 600
1200 / 15 80
35.40 + 2.97 38.37
258.4 - 2.70 255.7
0.6 * 0.2 0.12
10.05 / 1.5 6.7
3448 + 919 4367
488 - 21 467
47 * 70 3290
1092 / 21 52
4.122 + 8.59 12.712
12.0 - 0.20 11.8
1.5 * 3.0 4.5
0.536 / 0.8 0.67
879 + 108 987
259 - 6 253
0 * 1 0
518 / 74 7
2.8 + 4.6 7.4
0.149 - 0.168 -0.019
4.0 * 5.0 20
17.63 / 4.3 4.1
236 + 55 291
954 - 930 24
4 * 90 360
3780 / 54 70
7.6 + 0.1 7.7
48.0 - 0.75 47.25
0.70 * 1.50 1.05
0.756 / 1.8 0.42
219 + 781 1000
2833 - 672 2161
20 * 20 400
2058 / 98 21
44.5 + 0.6 45.1
357.7 - 8.44 349.26
8.5 * 1.4 11.9
2.04 / 0.30 6.8
2512 + 656 3168
3201 - 142 3059
6 * 2 12
1610 / 70 23
5.0 + 0.75 5.75
4.88 - 2.0 2.88
0.20 * 23.0 4.6
2.666 / 4.3 0.62
16 + 72 88
41 - 83 -42
50 * 10 500
3822 / 39 98
2.05 + 9.7 11.75
41.7 - 0.87 40.83
3.5 * 0.90 3.15
27.72 / 3.6 7.7
3345 + 979 4324
713 - 935 -222
83 * 36 2988
4080 / 85 48
0.21 + 0.60 0.81
0.19 - 3.6 -3.41
0.80 * 21.0 16.8
0.987 / 2.1 0.47
3564 + 539 4103
57 - 70 -13
54 * 9 486
8918 / 91 98
1.0 + 9.1 10.1
0.136 - 0.99 -0.854
5.6 * 0.22 1.232
0.63 / 0.42 1.5
86 + 37 123
2626 - 364 2262
65 * 8 520
840 / 14 60
30.12 + 0.752 30.872
6.30 - 2.49 3.81
8.0 * 0.170 1.36
2.691 / 3.9 0.69
4473 + 681 5154
3147 - 53 3094
80 * 150 12000
2574 / 39 66
27.1 + 4.1 31.2
0.14 - 0.66 -0.52
0.90 * 0.50 0.45
4.68 / 0.6 7.8
371 + 27 398
461 - 173 288
52 * 12 624
189 / 3 63
59.5 + 0.495 59.995
0.3859 - 30.5 -30.1141
2.0 * 0.40 0.8
1.275 / 0.15 8.5
271 + 87 358
19 - 96 -77
52 * 42 2184
2280 / 40 57
0.357 + 8.6 8.957
2.019 - 25.9 -23.881
1.0 * 0.180 0.18
57.72 / 7.4 7.8
3316 + 24 3340
85 - 22 63
57 * 45 2565
304 / 8 38
229.5 + 0.722 230.222
23.2 - 0.0 23.2
0.50 * 0.20 0.1
0.122 / 0.20 0.61
332 + 92 424
1467 - 320 1147
40 * 120 4800
5312 / 64 83
0.14 + 4.6 4.74
16.3 - 6.7 9.6
0.30 * 0.18 0.054
7.189 / 9.1 0.79
26 + 25 51
18 - 20 -2
14 * 6 84
1904 / 34 56
0.51 + 0.8 1.31
5.24 - 9.76 -4.52
4.7 * 0.19 0.893
8.97 / 3.9 2.3
186 + 416 602
169 - 23 146
14 * 15 210
2484 / 69 36
0.1676 + 0.858 1.0256
9.15 - 9.88 -0.73
2.4 * 0.30 0.72
0.992 / 1.6 0.62
1984 + 872 2856
396 - 26 370
2 * 50 100
3380 / 52 65
25.5 + 0.17 25.67
0.324 - 9.9 -9.576
3.0 * 0.170 0.51
55.5 / 7.4 7.5
3208 + 395 3603
1720 - 291 1429
90 * 220 19800
744 / 8 93
92.2 + 0.876 93.076
9.0 - 1.2 7.8
0.24 * 0.22 0.0528
0.1566 / 0.29 0.54
226 + 463 689
2972 - 348 2624
30 * 70 2100
2046 / 62 33
17.9 + 6.1 24
90.7 - 57.6 33.1
0.22 * 8.0 1.76
0.1015 / 0.29 0.35
58 + 49 107
96 - 24 72
26 * 6 156
3330 / 74 45
0.88 + 0.38 1.26
0.353 - 94.2 -93.847
0.25 * 0.10 0.025
0.14 / 0.40 0.35
304 + 41 345
381 - 779 -398
33 * 20 660
1188 / 99 12
0.47 + 4.05 4.52
0.128 - 0.39 -0.262
0.78 * 0.40 0.312
0.1125 / 0.25 0.45
80 + 15 95
26 - 72 -46
18 * 7 126
1188 / 33 36
58.7 + 7.32 66.02
0.18 - 0.99 -0.81
0.38 * 2.8 1.064
3.036 / 4.4 0.69
518 + 467 985
2143 - 61 2082
0 * 110 0
162 / 54 3
6.8 + 0.23 7.03
2.30 - 66.5 -64.2
0.23 * 6.0 1.38
0.0672 / 0.28 0.24
267 + 312 579
452 - 169 283
20 * 10 200
990 / 11 90
5.0 + 6.0 11
7.87 - 21.7 -13.83
3.0 * 0.150 0.45
5.934 / 8.6 0.69
21 + 19 40
626 - 20 606
54 * 43 2322
5643 / 99 57
2.9 + 5.0 7.9
33.4 - 0.49 32.91
1.9 * 1.7 3.23
7.7 / 1.0 7.7
62 + 76 138
72 - 134 -62
50 * 43 2150
2444 / 47 52
6.1 + 3.44 9.54
43.9 - 0.718 43.182
2.5 * 0.7 1.75
0.9016 / 0.92 0.98
316 + 59 375
4583 - 399 4184
57 * 20 1140
3360 / 80 42
4.06 + 0.295 4.355
1.8 - 0.35 1.45
0.0 * 0.10 0
1.82 / 0.7 2.6
1593 + 96 1689
493 - 768 -275
50 * 90 4500
4941 / 61 81
8.4 + 2.3 10.7
4.42 - 0.606 3.814
0.69 * 2.3 1.587
0 / 0.58 0.0
420 + 66 486
4685 - 23 4662
23 * 6 138
3450 / 46 75
0.488 + 0.19 0.678
4.69 - 1.9 2.79
0.54 * 0.8 0.432
0.1517 / 0.37 0.41
236 + 38 274
580 - 85 495
40 * 30 1200
2210 / 26 85
45.36 + 0.281 45.641
7.7 - 9.9 -2.2
0.1 * 1.0 0.1
2.204 / 0.29 7.6
1467 + 0 1467
16 - 34 -18
57 * 15 855
943 / 41 23
24.9 + 3.9 28.8
36.3 - 4.5 31.8
0.8 * 0.14 0.112
31.5 / 7.0 4.5
52 + 24 76
740 - 255 485
0 * 180 0
2240 / 40 56
29.80 + 0.458 30.258
1.1 - 0.67 0.43
0.99 * 0.30 0.297
0 / 0.64 0.0
2911 + 106 3017
44 - 26 18
66 * 42 2772
2470 / 65 38
4.7 + 0.46 5.16
25.6 - 0.10 25.5
7.0 * 0.45 3.15
5.032 / 0.68 7.4
16 + 58 74
2301 - 61 2240
15 * 24 360
273 / 7 39
0.0 + 0.75 0.75
2.4 - 6.4 -4
0.29 * 0.1 0.029
0.45 / 0.75 0.6
19 + 79 98
158 - 7 151
74 * 38 2812
640 / 32 20
2.222 + 0.957 3.179
3.89 - 0.25 3.64
0.27 * 0.19 0.0513
0.0714 / 0.42 0.17
56 + 90 146
4743 - 439 4304
93 * 27 2511
3069 / 33 93
0.92 + 0.35 1.27
1.6 - 6.1 -4.5
4.5 * 0.16 0.72
2.46 / 4.1 0.6
143 + 63 206
92 - 35 57
12 * 10 120
1092 / 52 21
1.828 + 2.30 4.128
0.153 - 5.1 -4.947
0.58 * 0.20 0.116
0.026 / 0.2 0.13
249 + 58 307
90 - 38 52
50 * 10 500
1334 / 23 58
0.41 + 2.6 3.01
3.5 - 0.43 3.07
0.0 * 1.0 0
0.4418 / 0.47 0.94
452 + 54 506
2933 - 188 2745
60 * 45 2700
2478 / 59 42
44.3 + 4.7 49
0.88 - 9.8 -8.92
1.3 * 0.0 0
0.3608 / 0.44 0.82
53 + 49 102
23 - 25 -2
90 * 39 3510
0 / 0 62
7.8 + 8.5 16.3
3.50 - 0.48 3.02
0.29 * 2.6 0.754
32.24 / 6.2 5.2
65 + 29 94
82 - 89 -7
19 * 35 665
2112 / 32 66
8.22 + 0.3 8.52
1.50 - 0.432 1.068
1.3 * 0.15 0.195
0.56 / 0.20 2.8
14 + 99 113
269 - 552 -283
71 * 44 3124
2952 / 36 82
15.1 + 0.66 15.76
23.72 - 29.5 -5.78
0.34 * 5.0 1.7
30 / 4.0 7.5
482 + 83 565
293 - 50 243
43 * 24 1032
1015 / 35 29
0.5 + 0.11 0.61
2.016 - 6.0 -3.984
0.73 * 1.7 1.241
19.2 / 4.8 4.0
491 + 760 1251
4836 - 219 4617
79 * 25 1975
9 / 1 9
32.4 + 0.7 33.1
46.9 - 8.8 38.1
3.4 * 2.0 6.8
0.737 / 0.67 1.1
455 + 28 483
432 - 227 205
39 * 16 624
2304 / 48 48
4.8 + 6.5 11.3
0.241 - 0.14 0.101
0.51 * 0.4 0.204
0.5808 / 0.66 0.88
29 + 37 66
389 - 843 -454
1 * 9 9
3132 / 36 87
0.82 + 0.28 1.1
0.958 - 17.9 -16.942
0.70 * 0.210 0.147
0.06 / 0.3 0.20
53 + 24 77
57 - 665 -608
30 * 70 2100
3870 / 43 90
0.2828 + 0.479 0.7618
83.3 - 0.3 83
0.10 * 7.0 0.7
38.43 / 6.1 6.3
318 + 81 399
3103 - 358 2745
80 * 140 11200
1512 / 21 72
75.6 + 8.67 84.27
2.34 - 0.41 1.93
1.1 * 1.0 1.1
0.51 / 1.0 0.51
694 + 84 778
0 - 55 -55
23 * 0 0
390 / 10 39
9.32 + 0.948 10.268
1.48 - 8.9 -7.42
2.3 * 0.37 0.851
2.856 / 0.84 3.4
304 + 496 800
2537 - 551 1986
32 * 15 480
135 / 3 45
4.526 + 1.78 6.306
14.9 - 25.7 -10.8
5.2 * 1.7 8.84
4.958 / 7.4 0.67
1748 + 103 1851
47 - 73 -26
49 * 37 1813
620 / 20 31
76.8 + 0.52 77.32
0.695 - 58.6 -57.905
9.0 * 0.20 1.8
0.3888 / 0.72 0.54
147 + 3 150
174 - 19 155
5 * 90 450
2745 / 45 61
4.92 + 3.2 8.12
0.367 - 9.9 -9.533
1.4 * 9.0 12.6
0.72 / 0.6 1.2
299 + 89 388
836 - 612 224
7 * 30 210
2378 / 29 82
0.361 + 0.52 0.881
0.97 - 0.54 0.43
7.6 * 2.4 18.24
1.376 / 4.3 0.32
4989 + 437 5426
35 - 79 -44
52 * 24 1248
2240 / 70 32
0.871 + 64.9 65.771
7.05 - 0.319 6.731
2.0 * 18.0 36
42.84 / 8.4 5.1
681 + 74 755
350 - 46 304
27 * 33 891
1098 / 18 61
1.350 + 0.263 1.613
4.594 - 37.1 -32.506
2.0 * 0.4 0.8
0.19 / 1.0 0.19
92 + 18 110
370 - 336 34
46 * 44 2024
1230 / 15 82
72.6 + 2.01 74.61
9.3 - 0.90 8.4
7.0 * 0.0 0
0.124 / 0.2 0.62
48 + 35 83
2762 - 237 2525
42 * 0 0
1539 / 81 19
0.3991 + 0.145 0.5441
0.79 - 3.99 -3.2
2.5 * 0.18 0.45
8.712 / 0.99 8.8
331 + 814 1145
970 - 537 433
70 * 230 16100
5544 / 63 88
0.505 + 0.741 1.246
0.81 - 0.95 -0.14
2.0 * 1.3 2.6
2.795 / 6.5 0.43
599 + 499 1098
54 - 24 30
66 * 29 1914
1008 / 18 56
1.92 + 0.10 2.02
2.2 - 0.49 1.71
0.80 * 2.0 1.6
0.975 / 0.39 2.5
66 + 81 147
47 - 51 -4
1 * 0 0
693 / 9 77
7.6 + 0.40 8
3.69 - 0.906 2.784
0.0 * 2.30 0
2.263 / 3.1 0.73
422 + 10 432
364 - 68 296
54 * 23 1242
2337 / 41 57
47.7 + 0.23 47.93
4.9 - 1.7 3.2
1.5 * 0.0 0
2.04 / 5.1 0.4
409 + 620 1029
662 - 128 534
59 * 42 2478
8366 / 94 89
16.20 + 4.86 21.06
12.71 - 0.943 11.767
8.8 * 0.49 4.312
37.26 / 4.6 8.1
350 + 832 1182
943 - 312 631
33 * 90 2970
7387 / 83 89
0.987 + 7.95 8.937
0.435 - 4.8 -4.365
0.54 * 0.1 0.054
0.624 / 0.52 1.2
385 + 86 471
57 - 2 55
31 * 1 31
1924 / 37 52
0.199 + 1.6 1.799
0.1221 - 97.5 -97.3779
0.47 * 0.8 0.376
0.41 / 0.5 0.82
370 + 42 412
4196 - 180 4016
22 * 15 330
1980 / 55 36
3.477 + 1.54 5.017
26.9 - 0.37 26.53
7.3 * 1.1 8.03
1.02 / 0.12 8.5
4073 + 79 4152
662 - 224 438
32 * 0 0
1978 / 46 43
6.8 + 0.84 7.64
326.6 - 0.89 325.71
0.40 * 0.10 0.04
2.312 / 0.34 6.8
14 + 66 80
73 - 48 25
96 * 41 3936
5874 / 89 66
5.5 + 4.8 10.3
0.325 - 0.28 0.045
5.5 * 1.3 7.15
0.816 / 1.7 0.48
1197 + 56 1253
589 - 862 -273
29 * 38 1102
3485 / 41 85
2.0 + 6.0 8
0.4606 - 98.9 -98.4394
0.62 * 3.2 1.984
0.0253 / 0.11 0.23
270 + 19 289
112 - 576 -464
86 * 6 516
6272 / 98 64
7.8 + 3.8 11.6
1.93 - 1.7 0.23
1.5 * 1.6 2.4
0.432 / 1.2 0.36
1 + 83 84
328 - 33 295
34 * 70 2380
1386 / 63 22
0.40 + 0.68 1.08
32.90 - 2.27 30.63
0.5 * 0.1 0.05
6.93 / 9.9 0.7
439 + 94 533
64 - 73 -9
80 * 50 4000
832 / 13 64
0.452 + 1.70 2.152
1.6 - 4.9 -3.3
0.9 * 2.0 1.8
0.592 / 1.6 0.37
1446 + 182 1628
93 - 36 57
38 * 6 228
1386 / 99 14
0.925 + 0.74 1.665
2.49 - 0.76 1.73
0.26 * 0.30 0.078
1.725 / 0.25 6.9
471 + 268 739
666 - 30 636
9 * 40 360
3864 / 46 84
1.03 + 0.6 1.63
8.3 - 5.0 3.3
1.7 * 9.0 15.3
14.56 / 1.6 9.1
4243 + 388 4631
711 - 91 620
38 * 0 0
1470 / 21 70
15.8 + 3.6 19.4
9.9 - 1.9 8
0.9 * 0.50 0.45
0.288 / 0.8 0.36
205 + 70 275
68 - 91 -23
50 * 120 6000
2328 / 97 24
37.03 + 0.494 37.524
70.0 - 0.302 69.698
0.26 * 0.13 0.0338
5.049 / 0.99 5.1
16 + 90 106
4858 - 730 4128
10 * 120 1200
4165 / 85 49
0.72 + 0.89 1.61
0.640 - 8.60 -7.96
4.7 * 0.11 0.517
0.56 / 0.1 5.6
322 + 79 401
1176 - 580 596
63 * 4 252
20 / 10 2
0.274 + 0.60 0.874
39.3 - 0.65 38.65
2.6 * 2.3 5.98
8.536 / 9.7 0.88
678 + 455 1133
630 - 406 224
89 * 15 1335
378 / 14 27
0.13 + 0.89 1.02
3.20 - 0.88 2.32
0.40 * 2.20 0.88
0.185 / 0.74 0.25
59 + 88 147
3341 - 574 2767
66 * 22 1452
1300 / 25 52
0.26 + 8.6 8.86
9.01 - 0.749 8.261
0.81 * 0.43 0.3483
1.972 / 0.34 5.8
3987 + 371 4358
4972 - 518 4454
30 * 60 1800
1248 / 13 96
0.115 + 0.4 0.515
0.4 - 0.37 0.03
0.20 * 2.10 0.42
2.552 / 0.29 8.8
401 + 43 444
31 - 0 31
30 * 30 900
2976 / 32 93
0.314 + 0.99 1.304
0.3849 - 2.52 -2.1351
0.0 * 0.5 0
39.65 / 6.1 6.5
321 + 6 327
443 - 850 -407
40 * 170 6800
1188 / 36 33
1.025 + 0.559 1.584
154.3 - 1.29 153.01
2.8 * 0.41 1.148
0.3432 / 0.78 0.44
383 + 638 1021
635 - 30 605
15 * 0 0
50 / 2 25
0.46 + 1.2 1.66
0.244 - 0.549 -0.305
0.9 * 6.0 5.4
1.38 / 4.6 0.30
439 + 880 1319
487 - 70 417
54 * 10 540
3783 / 39 97
0.444 + 2.1 2.544
0.334 - 9.99 -9.656
3.3 * 0.11 0.363
11.47 / 3.1 3.7
290 + 52 342
420 - 61 359
67 * 23 1541
2178 / 66 33
0.378 + 0.387 0.765
20.9 - 0.72 20.18
2.3 * 0.14 0.322
2.73 / 0.3 9.1
718 + 298 1016
433 - 95 338
72 * 18 1296
2880 / 45 64
0.50 + 6.46 6.96
45.9 - 6.8 39.1
7.0 * 6.0 42
2.112 / 0.33 6.4
724 + 346 1070
38 - 31 7
17 * 24 408
660 / 44 15
1.9 + 7.0 8.9
4.487 - 0.30 4.187
4.9 * 1.2 5.88
0.82 / 4.1 0.2
452 + 811 1263
224 - 159 65
50 * 200 10000
1066 / 41 26
2.13 + 3.71 5.84
0.584 - 9.06 -8.476
4.1 * 1.8 7.38
0.87 / 2.9 0.3
103 + 430 533
25 - 34 -9
33 * 35 1155
2511 / 27 93
0.24 + 0.92 1.16
3.1 - 0.86 2.24
7.0 * 17.0 119
15.62 / 2.2 7.1
51 + 23 74
956 - 980 -24
65 * 23 1495
980 / 35 28
61.2 + 6.82 68.02
0.292 - 1.99 -1.698
0.31 * 0.0 0
0.9 / 0.45 2.0
762 + 834 1596
270 - 82 188
60 * 14 840
3564 / 36 99
0.833 + 0.29 1.123
0.19 - 0.84 -0.65
0.47 * 0.50 0.235
4.32 / 0.90 4.8
143 + 55 198
37 - 58 -21
11 * 14 154
2697 / 29 93
0.80 + 0.85 1.65
0.15 - 1.8 -1.65
0.70 * 5.0 3.5
1.242 / 0.46 2.7
153 + 1 154
404 - 729 -325
65 * 0 0
1577 / 19 83
0.39 + 7.8 8.19
0.6 - 2.0 -1.4
2.4 * 0.28 0.672
1.872 / 0.48 3.9
2 + 41 43
63 - 211 -148
27 * 33 891
455 / 7 65
38.31 + 2.35 40.66
0.2 - 0.48 -0.28
1.4 * 5.0 7
0.0684 / 0.38 0.18
345 + 28 373
483 - 21 462
10 * 90 900
415 / 5 83
31.3 + 8.6 39.9
250.0 - 9.70 240.3
0.60 * 10.0 6
11.55 / 3.3 3.5
90 + 135 225
79 - 73 6
85 * 45 3825
1116 / 31 36
19.9 + 0.1 20
8.4 - 0.27 8.13
2.0 * 0.0 0
0.1425 / 0.19 0.75
57 + 57 114
375 - 49 326
46 * 48 2208
414 / 9 46
7.9 + 8.1 16
24.25 - 6.99 17.26
5.5 * 0.32 1.76
23.68 / 6.4 3.7
50 + 41 91
344 - 427 -83
10 * 46 460
8134 / 98 83
0.31 + 7.0 7.31
0.445 - 0.9 -0.455
0.30 * 8.0 2.4
34.77 / 5.7 6.1
321 + 818 1139
333 - 721 -388
70 * 38 2660
416 / 52 8
7.7 + 0.75 8.45
42.54 - 3.18 39.36
1.5 * 0.4 0.6
0.603 / 0.9 0.67
74 + 77 151
370 - 941 -571
41 * 70 2870
1365 / 21 65
0.227 + 1.4 1.627
0.49 - 6.2 -5.71
0.35 * 0.0 0
2.112 / 2.4 0.88
125 + 22 147
760 - 65 695
64 * 23 1472
2838 / 33 86
36.31 + 0.565 36.875
0.378 - 1.9 -1.522
7.6 * 0.18 1.368
1.209 / 0.39 3.1
474 + 781 1255
4118 - 900 3218
34 * 6 204
2070 / 23 90
16.8 + 8.5 25.3
0.44 - 0.8 -0.36
0.90 * 2.20 1.98
0.1596 / 0.19 0.84
70 + 97 167
140 - 622 -482
40 * 27 1080
5904 / 72 82
0.50 + 0.30 0.8
3.05 - 5.1 -2.05
2.0 * 0.60 1.2
0.112 / 0.7 0.16
843 + 672 1515
1298 - 471 827
11 * 90 990
2322 / 27 86
0.53 + 3.23 3.76
9.9 - 88.1 -78.2
0.78 * 4.3 3.354
1.452 / 0.22 6.6
974 + 488 1462
3377 - 519 2858
60 * 50 3000
3404 / 74 46
8.9 + 0.98 9.88
9.1 - 7.3 1.8
0.38 * 0.46 0.1748
3.9 / 1.5 2.6
124 + 218 342
472 - 670 -198
15 * 25 375
3478 / 37 94
33.0 + 4.9 37.9
0.3561 - 0.303 0.0531
6.0 * 0.130 0.78
3.111 / 5.1 0.61
39 + 22 61
2224 - 196 2028
23 * 12 276
994 / 71 14
0.20 + 0.81 1.01
14.5 - 49.7 -35.2
0.20 * 6.0 1.2
12 / 2.4 5.0
1845 + 675 2520
584 - 433 151
99 * 17 1683
369 / 41 9
0.99 + 9.8 10.79
0.262 - 4.5 -4.238
0.17 * 1.6 0.272
3.479 / 7.1 0.49
17 + 11 28
48 - 81 -33
40 * 130 5200
4624 / 68 68
0.204 + 84.4 84.604
0.422 - 0.51 -0.088
2.5 * 0.30 0.75
1.485 / 0.55 2.7
614 + 612 1226
92 - 9 83
50 * 160 8000
355 / 5 71
0.41 + 2.6 3.01
0.251 - 7.24 -6.989
5.1 * 2.1 10.71
5.4 / 2.0 2.7
710 + 583 1293
137 - 83 54
35 * 21 735
2340 / 30 78
4.711 + 0.229 4.94
0.30 - 4.8 -4.5
0.16 * 1.3 0.208
6.66 / 7.4 0.9
60 + 48 108
778 - 101 677
5 * 1 5
648 / 9 72
0.487 + 0.70 1.187
0.1727 - 0.746 -0.5733
0.39 * 5.0 1.95
41.61 / 5.7 7.3
68 + 83 151
1859 - 125 1734
39 * 33 1287
4012 / 68 59
16.7 + 6.03 22.73
0.2193 - 8.82 -8.6007
0.70 * 0.50 0.35
1.428 / 0.21 6.8
258 + 419 677
901 - 189 712
56 * 39 2184
800 / 32 25
0.421 + 0.716 1.137
3.8 - 0.30 3.5
1.9 * 0.7 1.33
7.055 / 8.3 0.85
362 + 6 368
1735 - 219 1516
64 * 49 3136
658 / 14 47
32.12 + 50.7 82.82
0.20 - 9.9 -9.7
9.2 * 0.2 1.84
0.8277 / 0.89 0.93
68 + 46 114
1737 - 745 992
70 * 0 0
777 / 37 21
4.07 + 0.70 4.77
2.52 - 1.2 1.32
9.1 * 2.5 22.75
4.144 / 0.56 7.4
8 + 96 104
132 - 358 -226
40 * 40 1600
1323 / 49 27
36.8 + 7.4 44.2
4.66 - 0.27 4.39
1.8 * 2.8 5.04
1.058 / 0.46 2.3
135 + 32 167
1382 - 250 1132
2 * 7 14
2244 / 33 68
0.894 + 41.9 42.794
0.782 - 5.12 -4.338
1.2 * 0.40 0.48
42.34 / 5.8 7.3
1111 + 281 1392
1570 - 980 590
70 * 90 6300
1746 / 18 97
3.777 + 3.81 7.587
3.71 - 0.176 3.534
4.1 * 0.90 3.69
0.2016 / 0.48 0.42
17 + 29 46
81 - 38 43
61 * 0 0
2262 / 39 58
98.1 + 4.68 102.78
9.4 - 6.7 2.7
0.38 * 0.0 0
2 / 0.80 2.5
86 + 674 760
185 - 215 -30
50 * 50 2500
407 / 37 11
0.3962 + 0.591 0.9872
0.96 - 0.76 0.2
0.91 * 0.48 0.4368
1.624 / 0.28 5.8
1860 + 473 2333
493 - 695 -202
38 * 7 266
180 / 45 4
8.48 + 1.68 10.16
33.8 - 3.2 30.6
0.32 * 1.2 0.384
1.88 / 0.2 9.4
2269 + 834 3103
230 - 3 227
6 * 11 66
74 / 2 37
